AMATH 583 MATRIX
32
32
-8.299351025651328e+01
7.832225546097155e+01
-6.206204562007122e+01
-2.039832237074222e+01
4.870249030645294e+01
1.207798563040122e+01
6.191333068547428e+01
2.342510560093800e+00
9.901690966140507e+01
9.332227266015806e+01
-1.478983451154046e+01
3.059974538213530e+01
9.230662191515796e+01
7.159746781743019e+01
-4.119477015967510e+01
-1.707108423434825e+01
2.978581035346011e+00
5.795690640574313e+01
8.854560347058538e+00
-8.127401761900009e+01
-1.354809492137248e+01
6.898548773391212e+01
5.456929281708551e+01
-6.162820910519177e+01
5.607335239502987e+01
-6.373136383978151e+01
1.582829987397231e+01
-3.717371156741171e+01
-1.760307892572017e+01
9.846109290546738e+01
-6.721551856911715e+01
-3.303036695642230e+01
-8.475635977385390e+01
-6.509522586335939e+01
-9.254001718793276e+01
-6.517043296341512e+00
3.482253699817147e+01
-8.665934957314114e+01
-2.204350078364205e+01
-6.692026876642734e+01
9.816085677036594e+01
7.412782934073755e+01
3.453052164684573e+01
1.754117755121155e+01
-4.899712487487754e+01
1.860908893728910e+01
-4.565599239989261e+01
-4.590376683148436e+01
-8.081395425012067e+01
2.651125974144750e+01
-6.974544204514156e+01
8.977249543988859e+01
-9.147914912310945e+01
4.701781422087464e+01
-6.900593506587754e+00
-5.549209188182517e+01
1.429684491354504e+01
2.091388258376605e+01
3.960035644156309e+01
3.293713140985028e+01
-6.526955800236595e+01
5.029890983075228e+01
6.498337919294960e+01
5.061918171771543e+01
-3.619014133413370e+01
6.510245976367997e+00
-7.048917430681011e+01
5.852562591159648e+01
8.250619897409300e+01
5.887622827406938e+01
-9.811831986616562e+01
2.010570668897032e+00
-4.088126846100403e+01
1.198378789436885e+01
8.345029182237056e-01
-3.799675381449270e+01
9.651576995464376e+01
9.289106177096724e+01
-1.028727897262756e+01
-3.929722837909883e+01
-8.875831858908168e+01
6.038381781800237e+01
9.676250260360294e+01
-8.978748482503634e+01
-5.203931030619754e+01
-7.906010199695284e+01
6.959370152902224e+00
4.281391317172563e+00
-3.400410139046916e+01
-3.647238602159718e+01
9.557168136006166e+01
4.701730652463738e+01
9.072335029665857e+01
-9.010635939118079e+01
1.450760001546942e+01
-8.783091864516192e+01
6.232569922617512e+01
9.583728239662128e+01
-5.483492559204424e+01
-1.872610062088043e+01
2.380925743841307e+01
5.091126295667431e+01
8.319764053633722e+01
-9.270155162182508e+01
6.611520435457740e+01
8.072856464818352e+01
-6.480155875024472e+01
1.335656777521179e+01
-3.436363322373651e+01
-2.108615297317012e+01
-7.089601812823503e+00
-6.334633037860527e+01
-4.850005953931804e+01
2.210983429003809e+01
-6.069924140236768e+01
-7.174147975471092e+01
3.386881776841838e+01
6.036668936835409e+01
-6.882083224001450e+01
-5.714401119304540e+00
-4.885434910541581e+01
9.879554503099408e+01
3.975227844866814e+01
6.947019450421138e+01
-8.612374024302325e+01
-6.164278122705817e+01
-9.837067446458656e+01
-1.206939209949438e+01
-2.207736724325426e+01
-7.286859673556447e+01
-5.015376519427483e+01
-7.721640303656898e+00
3.967782671007146e+01
-5.862866301503342e+01
-6.354764806632342e+01
-2.112144681194789e+01
-7.150753419677528e+01
4.313030123993659e+01
-5.376085344694232e+00
-2.765600851938422e+01
-9.993799984597818e+01
9.442174033338893e+01
-5.148057498556457e+01
3.085594090767074e+01
8.804009981602593e+01
1.925139451499933e+01
8.077154594734668e+01
-3.369369620648057e+01
-3.919133842307598e+01
3.507956320655700e+01
-1.004308946174164e+01
-1.819352718366150e+01
2.366103098149017e+01
4.890109241913473e+01
-9.053105226551635e+01
3.520730675477296e+01
-9.636041391678933e+01
6.934964982946326e+00
8.763476080864871e+01
-2.439110722916399e+01
-1.537890213640722e+00
3.515016591865640e+01
5.683763779110015e+01
7.873633162448493e+01
4.542373543247083e+01
-3.569712234766411e+01
-7.095259613250306e+01
-5.256344143203211e+01
-5.761539400793241e+01
-5.689933959696420e+01
1.563533933053220e+01
5.056318944999509e+01
5.804696770003636e+01
-7.331235355764940e+01
-2.390901316350076e+01
-2.529008763961154e+01
-3.909556491114803e+01
2.895980271320144e+01
6.453554236688967e+01
5.655751815451356e+01
4.876188373989436e+00
-5.816797839377497e+01
2.680535387579698e+01
2.791349733111632e+01
4.778923904896214e+01
3.607088001747550e+01
-2.011879317592356e+01
-9.858288040916911e+01
-4.742963215758945e+01
7.278017875262987e+01
2.884019619305110e+01
2.487568999401377e+01
2.520689523073200e+01
1.791330450115089e+01
9.330107531497447e+01
2.309270477033580e+01
-6.343999600380258e+00
2.420331980902894e+01
-6.824118398038284e+01
-7.150083440970174e+01
7.300208789726236e+01
-8.064378126408157e+01
-9.156927035320223e+00
-3.485044566156651e+01
2.871853131746093e+00
-7.326996420478261e+01
-8.605050178549351e+01
-9.409341198948968e+01
9.670968601029836e+01
9.173980325308185e+01
-9.959676709359252e+01
-2.411199462775396e+01
-1.885226464262038e+01
-5.980592343829573e+01
-2.876538990496627e+01
4.692994535887917e+01
2.504337770188071e+01
-2.864237031359190e+01
-7.657745007845257e+01
3.208819632143030e+01
7.053413669131405e+01
-6.536612728490496e+01
-6.403691597115318e+01
2.673222572891835e+01
-3.951914662792305e+00
-1.374070993175444e+01
5.079965317798298e+01
-9.421307078486633e+01
-8.359096032861552e+01
2.160389242878311e+01
3.024795027542265e+01
7.081590450389217e+01
-4.466197538878836e+01
3.018662272121816e+01
-8.572980320686156e+01
-7.153053744993562e+01
-7.482493803846654e+01
8.914767177948454e+01
8.730554735375347e+01
8.369396002658698e+01
-7.717135449089039e+01
4.645059157835806e+01
4.775229478814094e+01
-3.533067413076481e-01
3.766962807665971e+01
4.605178727895060e+01
8.147511343880279e+01
7.671071036654581e+01
6.101948205602142e+01
7.339386666110107e+01
-1.593331756840101e+01
-3.880434588032202e+00
5.427420367304637e+01
-5.662447816839751e+01
-9.692024570611606e+01
7.961416888146115e+01
1.864102966749445e+01
-8.289785247512827e+01
-6.686436217090309e+01
-4.204689478209218e+01
9.747544696987327e+01
8.503234447322981e+01
6.781346473466803e+01
6.631355763244531e+01
-6.322129555265612e+01
3.142594835147969e+01
-5.556042066270936e+01
-2.212822479257368e+01
4.017223800942537e+01
-8.906856613421728e+01
7.209654004100722e+01
3.515529378428772e+01
3.416760589439485e+01
-9.788051526586396e+01
-9.080891416965326e+01
3.267359078314763e+01
8.816364429110109e+01
-3.867283651143022e+01
9.037013924878607e+01
-7.826843224444788e+01
8.667682622459773e+01
-2.510769496352249e+01
-7.023981810269045e+01
-5.133444627231339e+01
-2.131079021267482e+01
-6.871217644334725e+01
-2.314158666494704e+01
9.506006018379279e+01
6.520825441674378e+01
-3.617673139307040e+01
-6.303229961221403e+01
-5.576470560992220e+00
6.869876908864262e+01
-3.113415269366818e+01
3.305038767374015e+01
-1.311867532831289e+01
-2.133594322681790e+01
5.252786870009353e+01
5.876042460569536e+01
8.822100306902894e+01
3.315310935800525e+00
9.264644389910106e+01
-6.124419220071182e+01
-3.409148719468241e+01
8.134326658253201e+00
7.996024075523164e+01
-5.968769595892954e+01
-4.200431002848902e+00
6.064463744977681e+01
6.471597533986159e+01
-4.215220039685244e+01
8.936124031891123e+01
-7.238801889510276e+01
4.343313637413496e+01
5.339221626879197e+01
-5.603502901103295e+01
-6.774306618719008e+01
-7.765853492583240e+01
7.776728449407850e+01
3.034078742622904e+01
8.408482477456377e+01
8.584793048457760e+01
-2.887559468078408e+00
1.379280348410987e+01
-7.071397120552678e+01
4.777948491343142e+01
7.836516118619883e+01
-2.321743414818317e+01
-9.229537016402612e+01
-4.953530355770296e+01
6.616048538763255e+01
5.308976724695711e+01
-5.896500784736205e+00
8.470690522316025e+01
-1.909467021523442e+01
7.840304418372855e+01
2.161773607906777e+01
-4.007146305889123e+01
-1.752792393073730e+01
4.256464675754103e+01
2.155902841183486e+01
-4.058289263517338e+00
-3.935166032816561e+01
-6.779061955379967e+01
-8.371557685425188e+00
-4.416990088848510e+01
7.290393808880864e+01
-1.211848984390721e+01
4.559527049752364e+01
6.555492540840544e+01
-9.474989915624973e+01
-5.894353766472412e+01
1.473091499226085e+01
-6.734444208382172e+01
-1.893917206741979e+01
-5.286096074548398e+01
-2.950763309996660e+00
2.749651713236165e+01
4.393761962291504e+01
6.801327516528133e+00
-8.175672393135312e+01
2.654645846890098e+01
3.104637534645883e+01
-8.372691489191294e+01
-6.925453023073115e+01
2.347078926931788e+01
7.095562607356868e+00
-5.327867376462275e+01
-1.386435494878646e+01
-4.127864103244357e+01
8.647474316492219e+01
2.593101569180681e+01
5.525557057516878e+00
4.044816834156532e+01
-1.133897262035390e+00
8.399517356121632e+01
4.758956000497506e+01
9.263802863700664e+01
6.634786639501064e+01
-7.644628126874274e+01
1.045379172194025e+01
3.157228398049398e+01
8.069324767547914e+01
5.317103134007110e+01
9.591385643495320e+01
1.476584738384474e-01
-1.206804988743515e+01
7.545404402263176e+01
-9.252355482563898e+01
-8.835545325708797e+01
1.165646934752857e+01
-6.003188535134868e+01
9.300712179142707e+00
3.137366516395693e+01
-6.085939387955113e+01
-3.980666404749024e+01
3.722949512286704e+00
4.352930593190359e+01
-2.412630279787115e+01
2.309588303111020e+01
-4.287210541049713e+01
4.949161415900224e+01
2.389484510983664e+00
1.535021824459872e+01
9.418626551458539e+01
9.269495445797736e+01
4.516480028092519e+01
-9.433540130900182e+01
5.392818774269102e+01
4.260463442316279e+01
-3.942162701662767e+00
-4.718425724958233e+01
-4.751358042764744e+01
2.692646869728988e+01
8.767612550543643e+01
8.066308838494891e+00
2.820470897723121e+01
-2.241850964507550e+01
-5.803972798397745e+01
8.980567718106431e+01
8.275595832399742e+01
-2.988937555203054e+01
-4.489161715834769e+01
-9.217338675986875e+01
2.975795690806808e+01
3.811381143637124e+01
9.252396089808917e+01
3.665110636382215e+01
7.337714034705806e+01
6.951291785899838e+01
5.401378677509925e+01
-8.851593163680889e+01
-7.912311545143953e+01
-1.807170635464072e+01
9.623050494076679e+00
7.019646379848092e+01
-9.076518026554305e+01
9.322575915625120e+01
5.776174716471695e+01
7.379585472893652e+00
-3.742980973557095e+01
-2.454819601189426e+01
7.588633032785867e+01
9.391843145568185e+01
4.694705360126628e+01
-9.978158041757457e+01
-8.644879084991032e+00
8.770149144271568e+01
-1.933149793183865e+01
-3.069916801160920e+01
-5.147781925392111e+01
5.288997204972881e+01
4.357783144293222e+01
3.321062145820619e+00
9.441283540791724e+01
7.299445413424019e+01
-5.159557018796789e+01
5.053346670758978e+01
-9.515590192253802e+01
9.216095153884245e+01
2.970713575403460e+01
1.769865887637661e+01
-4.406671740867713e+01
-1.185260213362925e+01
7.271224134995879e+01
5.368538671171757e+01
-4.574870054805592e+01
-8.817778453784052e+01
-5.667785473316563e+01
4.159019211607821e+01
-4.134284322267436e+01
-9.392506898925305e+00
-7.399544307668221e+01
6.967660431066611e+01
-4.965798921880783e+01
-4.206608348755525e+01
-6.866938844754031e+01
-9.750660845779909e+01
4.550991237607030e+01
-2.454181152400825e+01
-7.821644307776197e+01
1.949390012448052e+01
7.532654379083553e+00
3.402549371906116e+01
-6.826941794272301e+00
-3.014735267665372e+01
2.522448194566525e+01
5.542659648778923e+01
-4.527536634975726e+01
7.464322054855347e+01
5.605432927376032e+01
7.662716281532639e+00
9.025947505957282e+01
-5.794402582790781e+00
2.332439126681712e+01
7.649370922924740e+01
-4.489057921405745e+00
-8.803539814771443e+01
-6.361888255176029e+01
-6.002917195071352e+01
9.338187129171783e+01
5.028518300358158e+01
6.144103758919468e+01
-4.492869953137424e+01
5.077801060318086e+01
3.564159752644173e+01
-7.923784461008393e+01
-2.785922989515359e+01
-8.521148574692504e+01
9.390368798942333e+01
5.617419844704159e-01
3.893042760608142e+01
-5.238657826283070e+01
-1.508024636780792e+01
-6.446434695622969e+01
3.962447895703701e+01
-6.511286819214179e+01
-8.292773688636373e+01
7.367291554927914e+01
-6.568673484309974e+01
-7.125922786393019e+01
1.911039016397361e+01
6.402163165886208e+01
-2.980397258486103e+01
2.532672736937820e+01
6.429801181659747e+01
-5.234312134416257e-01
-6.628098445902972e+01
-8.294813787345501e+01
-6.595002004013415e+01
-6.902442561065078e+01
6.808524735184622e+01
-4.678278456003891e+01
-1.128982723428442e+01
3.912460394529634e+01
6.259474456726807e+01
-7.200810487060912e+01
-5.063461666204772e+01
-8.338214841221749e+01
8.945530529097940e+01
-6.256368678439830e+01
-3.763821124682750e+00
-4.362956894127107e+01
3.240387091501069e+01
7.800320220331642e+01
-3.096911658969042e+01
-2.957728052017411e+01
-9.886560748454210e+01
-5.198550938894477e+01
8.100360961141220e+01
-5.756569145708058e+01
-8.442702974301922e+01
-9.806151738077165e+01
6.423497139521231e+01
4.256344208094666e+01
2.560660435404769e+01
1.924566151336298e+01
-4.729329097146845e+00
4.907463500448500e+00
-2.378615423077707e+01
-8.499243755426127e+01
-3.794133730504399e+01
8.516502967292416e+01
-3.714705927909687e+01
4.863662834818271e+01
2.654900862452678e+01
-9.724913535048356e+01
-6.372913966908465e+01
-5.218810107264560e+01
7.660785554041695e+01
-2.131488248931119e+01
6.612475064655706e+01
9.695547558448743e+01
-9.865474885308541e+01
-3.250713130849996e+01
-2.360077067228828e+01
3.027766809228513e+01
-7.732518702807549e+01
-6.121481740219958e+01
-3.414110749435260e+01
5.239253555395814e+01
5.220862889871950e+01
2.585422672072050e+01
9.956444851518941e+01
6.602461967037110e+01
-1.357735882175240e+01
-9.324199588930841e+01
1.379502780884899e+01
-8.771090254915546e+01
9.652781821791007e+01
-1.153277923760582e+01
-1.674874342618786e+01
-8.201690518419497e+01
2.107427162310202e+01
4.149705723144749e+00
1.611753932045161e+00
-8.602808689283214e+01
-6.134420714364069e+00
-5.950152805709459e+01
-7.727947796360607e+01
7.297363797587724e+01
-6.150162034586160e+00
8.658113563372422e+01
-8.321198695731633e+01
-3.801113045860168e+01
3.869389348761578e+01
4.296714969857911e+01
-1.642673335297555e+01
8.929247401194502e+00
5.218147176381166e+00
5.892991366315499e+00
5.973688004541117e+01
-9.845613554957244e+01
-9.433738974146115e+01
-5.163614478121089e+01
8.412926753047577e+01
-1.720581507801180e+01
-2.260349247935522e+01
5.615899254589124e+00
4.985457793100926e+01
7.615343899588805e+01
9.312354637724380e+01
1.816826169520689e+01
-4.626069906743279e+01
1.971637741161003e+01
5.464312179877467e+01
-5.592683606488675e+01
-7.424700334274021e+00
4.646461508974539e+00
9.254679864944748e+01
-6.592608015301573e+01
-9.979448933964638e+01
-6.119354507056139e+01
1.820066527593329e+01
3.875188955190524e+01
6.036519492659295e+01
4.504337659031611e+01
3.537520890104528e+01
-1.270093818117914e+00
1.027617594779177e+01
-4.040716930270541e+01
6.611224586970872e+01
5.257266615953594e+01
-4.956707361338892e+01
7.629820136371467e+01
-6.125546164439685e+01
9.560679124147919e+01
-7.638217276769926e+01
-2.207726029807802e+00
-6.069020488789425e+01
5.096010902199930e+01
6.398948576459657e+01
-5.785920516553086e+01
2.358643423311960e+00
4.821748577547717e+01
-3.398345357818218e+01
-1.264491460312840e+01
3.120847734610774e+01
8.118985366392351e+01
-1.933605848962868e+01
-4.493099674518788e+00
6.431901610559927e+01
-9.285938541520939e+01
-9.137271498243112e+01
-6.022423499858519e+01
5.961088944933223e+01
-9.898076542686502e+01
4.034779587768398e+01
-9.494857532222795e+00
9.979963524887845e+01
-7.922394994192696e+01
2.137778304678810e+01
-5.295934662174121e+01
-2.887069776577844e+01
1.365349288557461e+01
9.566629113111830e+00
-1.471557799815642e+00
-7.954073235981528e+01
-7.828779479827023e+01
-3.058451935244352e+01
6.470249233957040e+01
7.729582968568275e+01
4.147803565950500e+01
-6.385533876784663e+01
6.975654264840168e+01
-5.223683332391359e+01
7.774658106794234e+01
5.363888829596760e+01
9.006154596940658e+01
2.716627282237909e+00
-1.502970028470412e+01
-4.720716881243278e+01
-3.108282810980832e+01
-9.450445844837134e+00
-6.641522330013180e+01
-8.025093618302824e+01
-2.013792476300901e+01
-3.974945082201847e+01
8.157398454724344e+01
-9.355734774345051e+01
-6.618678119923253e+01
-3.549289995483200e+01
-8.291994163003517e+01
-6.612193270621015e+01
8.541376120365038e+01
-2.654090232468084e+01
-4.086968504713617e+01
1.116272197186876e+01
9.674006493343285e+00
-6.698462192900610e+01
3.477359439938525e+01
-8.617465724990447e+01
1.257542784157152e+00
9.311556983230517e+01
6.333390325696175e+01
-1.247023275778506e+01
-5.226114287745546e+01
9.758514641732560e+00
2.188593838225776e+01
4.933722049687265e+01
1.361636784123301e+01
-3.645431515631075e+01
-6.718089725850596e+01
2.752451238499995e+01
-5.623934342374092e+01
-5.818767144611166e+01
-4.648839373610236e+01
5.203921653461870e+01
-4.647515556212943e+01
2.252942693551354e+01
-7.801437190564215e+00
7.511472062536367e+01
9.306464807540485e+01
4.189675604338632e+01
-9.374127010310572e+01
5.036852546776180e+01
8.007841203326743e+01
-9.003610378831875e+01
8.119424587563756e+01
2.373075274513141e+01
5.139452997127358e+01
5.618483558191306e+01
1.859670319554851e+00
6.677259951908559e+01
4.965761796546442e+01
5.419762629609153e+01
7.615930401996513e+01
7.682050864184470e+01
6.220302517859966e+01
9.641545242399806e+01
-6.463440971400918e+01
-6.029866952286639e+00
5.522029155061225e+01
8.457291955493372e+01
2.424837563554571e+01
-1.757238704795270e+01
4.190629940333011e+00
1.037877016079432e+01
5.776865454816706e+01
-7.228928957779708e+01
-1.071244096277250e+01
-8.028678873591559e+01
9.351166056629449e+01
-8.848305427264549e+01
-6.509027844094166e+01
-7.378733708542055e+01
2.833511557808276e+01
-2.516567240747072e+01
-8.633989759015441e+01
-4.835347314826316e+01
-6.016587870700050e+01
5.811159207909137e+01
-8.702671014209835e+01
1.080124203827293e+01
8.330600282799810e+01
8.541532286204938e+01
-6.171945470403525e+01
6.670911469199683e+01
-4.521848162392239e+01
-2.939537023199458e+01
-2.362717329113347e+01
-4.156280834712474e+01
7.655366499665402e+01
8.047445257329940e+01
8.655410958272824e+00
9.120078686985383e+01
-8.414889948279111e+00
4.426856198971421e+01
7.193440293027820e+00
-3.177373443217633e+01
9.543086939534496e+01
-3.432462170028869e+01
-9.160723870947329e+01
-4.577457493383667e+01
-9.920795265721256e+01
-5.896628856892390e+01
-3.264337821258205e+01
-9.783076561250321e+01
6.994075926532744e+01
-2.828428132747295e+01
6.050238064977503e+01
-5.530915535064663e+01
8.404670154669262e+01
-3.573099782370632e+01
7.346956258450800e+01
-9.813683854742929e+01
-1.944643701530309e+01
2.688523459006518e+01
-8.467606096164864e+01
-3.555194305686287e+01
-8.727664100117786e+01
-2.638741865917680e+01
-3.951517442526175e+01
9.788733947034444e+01
4.135111193287392e+01
-6.940805221874784e+01
1.544246922004805e+01
5.160171418759728e+01
8.460702241191541e+01
-7.332111172885064e+00
-8.737352183232400e+01
-2.743172140891451e+01
3.428930873607996e+01
-5.914110869125554e+01
-3.811153633556387e+00
-3.494871805333271e+01
9.085653008527308e+01
-9.060589296075044e+01
8.800692466970449e+01
5.247706500217956e+01
1.855887000333598e+01
9.789208748890061e+01
4.920906878419680e+01
-2.250473702980678e+01
-6.970603613442373e+01
2.472934451391377e+01
8.626530514225300e+01
4.045497434840283e+01
1.613629410711135e+01
9.609865071589579e+01
-8.464338215595032e+01
-9.636191069773467e+01
9.563692799093445e+01
7.066798542229776e+01
7.474428893244325e+01
-8.009920030768464e+01
3.742846050595915e+01
5.153004765150970e+01
-3.040052827162202e+01
9.893667923005935e+01
-3.645098609871216e+01
4.680451949502364e+01
-6.513342090384523e+01
7.387739671040234e+01
-1.661884635566804e+01
7.273007940367307e+01
-8.285273780538276e+00
-9.255777691656955e+01
-4.208843700616887e+01
5.064841739384286e+01
-2.692907587816106e+01
1.564112009380945e+01
6.039334658221176e+01
9.876283600216587e+01
-2.654694829706126e+01
-6.817638449561457e+01
8.698568713465610e+01
-4.644747660811734e+01
-4.869348419063315e+01
-3.349208117004342e+01
3.515207193515107e+01
-8.834152810788588e+01
2.201565625617718e+01
8.359777451722729e+01
9.223740391090908e+01
7.421400353319535e+01
-6.450886244180364e+01
6.060966826692325e+01
8.492158584256501e+01
9.570680816717442e+01
-1.580586827745567e+01
-3.070561779964713e+01
-1.892441582341014e+01
-7.658654253634116e+01
8.848622067271600e+01
6.873796431153545e+01
5.214919375934355e+01
2.417534852497295e+01
2.603665028444155e+00
2.230780638108536e+01
-1.221197038158051e+01
-4.850538656163646e+01
8.490461244541103e+01
6.293552799914806e+01
-4.685526314789457e+01
-2.288868403815798e+01
-2.467382504093250e+01
9.455521537871277e+01
7.559913831110967e+01
-3.577281326313670e+01
-7.039862444171054e+01
-7.595646626870320e+00
1.842311075301299e+01
6.964283554873688e+01
-1.579848686339406e+01
6.966522514381123e+01
4.639527108654008e+01
9.800538171888547e+00
-4.174759737295850e+01
-6.928537424506827e+01
-7.086312804186015e+01
-4.906407428541155e+01
6.530487204840489e+01
-9.547268466999233e+01
-7.553058565269187e+01
-6.120705863428923e+01
-4.047996853798968e+01
-9.883109121873241e+01
2.524884318695212e+01
-3.798348232594149e+01
-4.467066102196253e+01
-2.906778131407451e+01
2.408567751632182e+01
-4.103054904487161e+01
-8.648475364716836e+01
-2.503232849085776e+00
7.020664429611449e+01
-7.734902571410503e+01
5.560969025660404e+01
-6.857067900792981e+01
2.596548077496121e+01
-7.080949612981530e+01
4.422059820185211e+01
-5.411376787150824e+01
-4.156827857197433e+01
-1.663291336765583e+01
-5.551960649825693e+01
8.496781386575364e+01
7.063078785067006e+00
2.114505342255839e+00
3.170265985312591e+01
6.580444143652005e+01
-2.147342520614804e+01
3.822976557200349e+01
-1.132779881993484e+01
4.111116800478598e+00
4.758368229627911e+01
-2.094804021994122e+01
-7.835888908486240e+00
-1.662218076150775e+01
-1.062525747834549e+01
-7.999589925249852e+01
1.486208413153665e+01
-2.095288742996804e+01
5.538799687938166e+01
4.495023164148301e+01
3.266389451825879e+01
9.148810906420832e+01
9.634913537428278e+01
5.612731030274443e+01
-4.773229093946134e+01
2.430361270121956e+01
-4.290272207781669e-01
4.716632416693520e+01
-3.713538451522589e+01
-6.881791567419663e+01
-3.047892557017721e+01
9.089622899590753e+01
-3.622555291307261e+01
4.588917007116291e+01
3.665661257200020e+01
-5.192471759044700e+01
1.621982244513779e+01
5.968972321899128e+01
1.471022137241150e+00
5.821123766905171e+01
-3.132535267993745e+01
1.147101047301918e+01
6.644773760346678e+01
-1.402006886401117e+01
8.594843079762106e+01
-6.162255425310919e+01
5.612277129196104e+01
-9.302707220602909e+01
-6.745855107191730e+01
1.748907372507213e+01
-9.979668803723246e+01
4.959457903786694e+01
-1.360517346639408e+01
-4.747651686319898e-01
2.395953211492305e+01
7.665223591210173e+01
9.828967674479748e+01
-5.118005511415097e+01
-9.171289894537243e+01
-3.160853918481710e+01
-8.609919187053620e+01
1.098520589428070e+01
-4.835484024595193e+01
-9.843007411498300e+01
6.572435447636147e+01
2.174116248441580e+01
-6.222479676678560e+01
7.945080315961351e+01
9.266377559632357e+01
1.249994882294456e+01
-1.900325527087624e+01
-1.443420957541225e+01
-7.034801537078721e+00
-2.364675687821553e+01
8.477548259168387e+01
7.651752285949414e+00
1.244391528993489e+00
6.686859476099769e+00
-2.235325750117862e+01
-3.100614928459015e+01
-5.160314779799307e+00
-6.889757520116287e+01
8.953046571659488e+01
6.791627721904783e+01
2.770153989178171e+01
-1.425613805068679e+01
9.470587341644458e+01
-9.994775389911742e+01
THIS IS THE END
