AMATH 583 VECTOR
32
-8.299351025651328e+01
7.832225546097155e+01
-6.206204562007122e+01
-2.039832237074222e+01
4.870249030645294e+01
1.207798563040122e+01
6.191333068547428e+01
2.342510560093800e+00
9.901690966140507e+01
9.332227266015806e+01
-1.478983451154046e+01
3.059974538213530e+01
9.230662191515796e+01
7.159746781743019e+01
-4.119477015967510e+01
-1.707108423434825e+01
2.978581035346011e+00
5.795690640574313e+01
8.854560347058538e+00
-8.127401761900009e+01
-1.354809492137248e+01
6.898548773391212e+01
5.456929281708551e+01
-6.162820910519177e+01
5.607335239502987e+01
-6.373136383978151e+01
1.582829987397231e+01
-3.717371156741171e+01
-1.760307892572017e+01
9.846109290546738e+01
-6.721551856911715e+01
-3.303036695642230e+01
THIS IS THE END
