AMATH 583 VECTOR
32
1.051721152967186e+05
2.291822278529541e+04
1.629940816174022e+04
2.316692871793844e+04
-6.938700078538169e+03
-1.099262473551496e+04
-1.749885060979380e+04
-1.053699407073398e+04
-6.181692954080151e+03
-8.456074781624015e+02
6.930281495753775e+03
-2.395022701432309e+04
8.099040631275270e+03
3.304168007657631e+03
1.295340037536016e+04
3.269474092826939e+04
-7.387604288926186e+03
-3.022736778413129e+04
2.181194962779539e+04
8.938744331791262e+03
1.723349133352164e+04
2.159478033447965e+04
-1.735245318758106e+04
2.791008201989155e+04
-1.037349123258614e+04
-5.819270413249247e+03
-1.430941855259565e+04
1.381770780165712e+04
-4.497392344680343e+02
6.112041656328035e+03
-2.693872270251509e+03
7.162771134921852e+03
THIS IS THE END
