AMATH 583 MATRIX
32
32
2.510276922262403e-01
2.242324642018566e-02
8.675025840604225e-01
1.159303035195592e-01
4.406112532320485e-01
3.533330710387477e-01
4.689249482326792e-01
2.216049466382735e-01
5.143381494629841e-01
4.812780243723085e-01
8.397556253894025e-01
7.727959196887891e-01
3.810222094790182e-01
8.402747138590900e-01
4.971158297253381e-01
2.575019375688871e-02
7.835064720285621e-01
3.932753840430059e-01
7.793796108008267e-01
3.311872949503303e-02
6.264866230201379e-01
3.606730994585310e-01
8.327825995314785e-01
5.771503255596153e-01
1.655216804545008e-01
9.228833987949805e-01
9.012835472362505e-01
8.725783996621977e-01
4.251631225576453e-01
7.166008263438013e-01
9.100883602677324e-01
8.550710197794582e-01
1.786294333537246e-01
2.248863760497823e-01
6.653222686915297e-01
7.136989853874309e-02
5.138847406552568e-01
8.608361929007043e-01
7.389408213733420e-02
9.378384821758785e-01
2.513699299895065e-01
7.744133336350384e-01
5.648984040901524e-01
2.474775431898784e-01
3.550683922856434e-01
6.344691448074156e-01
5.229167782342605e-01
6.622917832165452e-01
1.380005204761403e-01
3.747476424904296e-01
3.836273366509133e-01
6.246470918993685e-01
4.436735526861966e-01
8.213999969053082e-01
2.697479875151757e-01
6.544261675581458e-01
9.405981497562482e-01
6.331029532631407e-01
5.613354936062058e-01
3.656410395007771e-01
3.289508895617681e-01
6.776008646365259e-01
4.377319460910428e-01
9.608179521564478e-01
4.673218934178920e-01
2.790626745107875e-01
2.063705028064412e-01
4.690406678565967e-01
1.665046658210944e-01
4.439184551331766e-01
9.374754232994632e-01
1.494393940779564e-01
6.278962682131195e-01
5.257985789914609e-02
7.096717109483069e-01
4.524459081946154e-01
2.583790269020847e-01
5.763051433378389e-01
9.605440790581257e-01
8.643367299178321e-01
9.074197290034125e-01
3.385360354271420e-03
8.977514742397478e-01
5.090275474400388e-01
2.259898247318295e-01
2.109842678583154e-01
1.258989470665804e-02
5.983603348016554e-01
6.421470114226207e-01
5.648209799848595e-01
9.462106055329603e-01
9.616471924640458e-01
4.043637432178314e-01
1.414322620916331e-01
5.202897407674648e-02
4.509673078781773e-01
4.075435085257252e-01
5.837477918638605e-01
4.913785590284404e-02
8.599441590998061e-01
8.148199044237006e-02
4.678133649136002e-01
5.392241028785818e-01
7.394970803239835e-01
7.274290051904642e-01
8.992902361318890e-01
3.709986686571495e-01
3.746241207116396e-01
3.075968005264163e-01
7.794264474787872e-01
8.203027759773204e-01
8.287558508239481e-01
8.995847980955545e-01
3.217015919842299e-01
8.386564789519908e-01
2.994417461098366e-01
7.174268680240152e-01
7.933708796246773e-01
1.843738519513858e-01
7.713297469407924e-01
7.390568338982094e-01
3.282073272057843e-01
1.805483476168236e-01
4.760783959534384e-01
4.496007894396786e-01
4.404681126775537e-01
9.475697716453904e-01
8.051520440751463e-01
1.904047709845029e-01
1.329859365397068e-01
9.463542285125490e-02
5.375518610410168e-01
6.341285163695591e-01
7.979746231799827e-01
5.594917859693486e-01
3.784467868406544e-01
5.551464308775712e-01
3.460637593390717e-01
2.936032117780313e-01
5.891803533719762e-01
3.541991228024471e-01
2.465694072873189e-02
4.092028277969001e-01
4.719267824999647e-01
6.734334769069373e-01
3.964463748952590e-01
7.422286461769736e-02
4.636856296396282e-01
1.643773532306670e-01
6.901757478202580e-01
7.837936150765948e-01
2.192885923289175e-01
5.833712721166067e-01
7.209704638090778e-01
3.505852391713230e-01
2.861147524258656e-01
7.306440215234850e-01
9.340697452118945e-01
9.102077763109504e-01
8.620964581435996e-01
2.551720194775481e-01
6.761313591506943e-01
7.397532457205249e-01
3.280082486234644e-02
2.834634614565705e-01
1.703967005807891e-01
8.573466613224460e-01
4.253368463485208e-01
6.363765795884545e-01
5.811731431545565e-01
7.770169986304907e-01
3.246959826558344e-01
1.653804966087362e-01
5.500065030297294e-01
9.592964206632676e-01
8.949420875380477e-01
2.916652519682726e-01
1.788983075781252e-02
6.743855465549908e-01
3.978809497309294e-01
1.851221277309219e-01
3.476007736044008e-01
1.262019691645177e-01
7.649574804887908e-02
6.640374575108464e-01
4.775483847956864e-01
1.557032611014802e-01
9.047093325782145e-01
4.497526420512016e-01
9.926549545455049e-01
5.518210463001491e-01
4.563251666055644e-01
4.570751397204935e-01
6.187328233470828e-02
9.042561994419694e-01
8.339440211811774e-01
9.716399204785191e-02
3.521434824690891e-02
8.475509857980306e-01
7.894183075006205e-01
7.534941629290088e-01
9.763963478507457e-01
2.934183274830777e-01
4.818300080866693e-01
1.169459126502955e-01
5.099539135163436e-01
7.954244691857251e-01
6.990536044813010e-01
9.939305172273566e-01
9.902030401817538e-01
3.424963347346039e-01
3.358978844880582e-01
4.357445907945487e-01
5.593374839794530e-01
7.850932426681245e-01
6.212952316837829e-02
2.108958909338787e-01
5.272389256987902e-01
3.046242195668743e-01
8.192582604564997e-01
2.735834923915488e-01
1.177566247609242e-01
1.355923568529973e-01
9.007416283249583e-01
7.645472575745300e-01
7.457580551252505e-01
9.556324900852667e-01
3.152608630784139e-01
5.893257589029733e-01
7.980298822736507e-01
4.882313732468669e-01
7.046901600922878e-01
7.275206710805747e-01
4.399188512190799e-01
7.161324390750995e-01
3.790353519744404e-02
4.471606344204213e-02
5.428782704020284e-01
1.550906468904999e-01
6.085022886323288e-01
9.796504354940962e-02
4.984869349275189e-01
6.991532681040248e-02
6.689770243451823e-02
3.496848169479914e-01
1.527184448916085e-01
7.389032932645191e-01
7.476498967724153e-01
7.518150539844367e-01
7.556123164275719e-01
5.762021982000219e-01
2.303451477691276e-01
4.108985557271627e-01
9.720261064227792e-01
8.427706476500121e-01
4.462750537536456e-01
5.448284375224395e-01
9.315494396405060e-01
5.514320379828253e-01
9.182623773432628e-01
2.357760082165599e-01
6.873700957220840e-01
6.291988010654220e-01
9.442495065481632e-01
1.456554979764184e-03
4.803195448966322e-01
7.305910776977386e-01
4.424286589224025e-02
5.898470508818734e-01
5.593841716458016e-01
5.697728509873957e-01
1.723065451589909e-01
9.561044871602694e-01
2.481157026477697e-01
8.061440106509923e-02
8.862387011229241e-01
1.384977298502334e-02
7.731345592872866e-01
7.253794142628923e-02
1.451815516432661e-01
6.633846837391075e-02
9.506379603178418e-01
3.721990619656625e-01
5.496344568904650e-01
7.063169580448032e-01
6.911385900765371e-02
5.966283416359818e-01
5.325378759449990e-01
3.640810075980057e-01
1.094946996818738e-01
2.774175532522693e-01
5.568175108902238e-01
4.319055319912292e-01
3.627617658873842e-02
6.936999269266146e-01
1.467185561297082e-02
5.898772872005950e-01
6.756598039882536e-02
5.814325630578364e-01
1.370873130564984e-01
2.647054056938297e-02
8.903753496196006e-01
5.385010566276037e-01
5.872587401360547e-01
5.764546667116018e-02
8.473583421890429e-01
5.516571712455047e-01
7.020771231977628e-01
8.102095847996927e-01
1.924917284364308e-01
2.084798310922830e-01
9.205211680012388e-01
1.992705968205215e-01
1.409207625039484e-01
4.552554038610567e-01
4.775726927805565e-01
5.642475628127566e-01
3.087881939992254e-01
8.031765449806939e-01
9.881914905217437e-01
5.343811989456327e-01
3.448106792498430e-01
2.330861521107546e-01
4.789585254522779e-01
8.559372764341241e-01
7.378050283239247e-01
2.891110402015555e-01
8.925266754313031e-02
6.958339739105822e-02
4.881599515155702e-01
5.043051221893659e-01
8.561886366718395e-01
9.624165436077941e-01
3.348484161937835e-01
7.973309689188985e-01
7.415946199286704e-01
9.807771411634875e-01
9.214115347347276e-01
1.636642865667419e-01
7.056643272310795e-01
1.003477727530281e-01
5.450166601431634e-01
9.500702614663496e-02
7.830884464937674e-01
3.675202207488568e-01
9.123501260356746e-01
8.685682815818899e-01
2.710854682471070e-02
6.133464829127055e-01
5.143383138414185e-01
4.840407327208858e-01
2.725948399270861e-01
5.014746545355183e-01
2.845187784566166e-01
9.071095203548248e-01
7.897086035412311e-01
6.324997174704912e-01
4.227515265451519e-01
1.849066443671038e-01
7.259718779129777e-01
4.093520834154226e-01
9.804659630080992e-01
6.914402771235632e-01
3.673761572536902e-02
4.491074962770136e-01
1.496899277668865e-01
8.386159780615083e-01
6.187432797712941e-01
2.183031161400970e-01
2.047296660974294e-02
8.914980994963544e-02
3.408558235228322e-01
7.638259482401544e-01
6.227120722749793e-01
9.217987255760463e-01
6.711807566095054e-01
5.349763359571696e-01
3.472784321509667e-01
7.086091612971430e-01
5.941739210831811e-01
2.810916450252252e-01
3.072779389597838e-01
4.203200970871002e-01
3.198717428929507e-01
8.438280182163362e-02
2.217502161961748e-01
9.558836091104352e-01
5.358183190859008e-01
4.984888767350879e-01
1.025512866222073e-01
5.794742594377483e-01
2.238783702365488e-01
7.237685656751359e-01
3.782833020101689e-01
8.074568849091683e-01
9.278646683915819e-01
6.214816573175982e-01
2.422145368727923e-01
8.997212210203154e-01
6.145616884411135e-01
9.382976297933132e-01
9.682639362142719e-01
6.119759532678760e-01
4.798465731925548e-01
7.813556472684050e-01
2.443636400831694e-01
1.969887782805547e-02
7.903965612828716e-02
4.195005481222182e-01
5.457122901201771e-01
7.864600498166215e-01
3.405726795739367e-02
4.005025599154190e-01
2.465244984470888e-01
3.372454002207356e-01
8.344150990407984e-02
4.014569578699101e-01
2.870909195798872e-01
1.370853791651714e-01
9.939676290349884e-01
6.139411910501966e-01
5.095979806546113e-01
8.132608620511651e-01
4.753084939323871e-01
5.098575216298259e-01
1.753660324846236e-01
3.769079690691586e-01
6.922361453493294e-01
4.128948861793125e-01
5.243520157059431e-01
7.843279697859324e-01
2.001881921664757e-01
5.629457419565627e-01
4.290850639478699e-01
6.326697718504209e-01
2.808554900255313e-01
3.382208591039390e-01
4.779789599021799e-01
3.923790759371496e-01
7.151292756735950e-01
1.777362461098173e-01
2.130883676992210e-01
3.761959208064694e-01
7.248409943305146e-01
4.025917129603176e-01
3.589197240578568e-01
3.638022403995517e-01
4.242543952652507e-01
4.436212230676884e-01
9.418960986388364e-01
4.477298229223722e-01
9.951338563091745e-01
2.147229882957055e-01
8.492642859226393e-01
5.848535017971198e-01
6.328047041934005e-01
5.486633784829934e-01
3.854021636701199e-01
4.541648037052550e-01
1.478558742198422e-01
1.367801288779733e-02
8.863626052096312e-01
9.630575827150874e-02
6.108792692473527e-01
4.787824025744490e-02
6.895840068764910e-01
8.384035731844620e-01
4.885451125393366e-02
9.777064486302930e-02
2.312282129336280e-01
2.525747754855895e-01
2.425158630323205e-02
5.964109984209812e-01
8.796504614314299e-01
2.853052780429391e-01
1.258080676783845e-01
4.561934706085331e-01
2.436605176160394e-01
2.023195727739109e-01
3.850596111198233e-01
6.968840908710305e-01
5.309152694097325e-01
9.293296937501662e-02
9.244162859043182e-01
6.645171938764477e-01
5.404774814566958e-01
8.050308426865520e-01
1.533730328797237e-01
7.405636095165106e-01
6.525851439929498e-01
9.985150895074546e-01
4.310935178916406e-02
5.388755204802731e-01
8.808727119494568e-01
8.276697345206838e-01
6.452280891338494e-01
3.484940726070171e-01
1.398783061373412e-01
9.346912502938375e-01
3.558436885270493e-01
6.648730741184545e-01
5.217567088649406e-01
1.650058930576807e-01
2.540446204384997e-01
7.279357098638712e-01
4.154756820832732e-01
8.997887735719741e-01
7.499174241674680e-01
8.621479826337416e-01
1.211441252944731e-01
6.931382420906509e-02
9.574434817570464e-01
7.525978906790716e-01
9.127486431564896e-01
5.664455311216626e-01
2.500415617833108e-01
4.485288921038289e-01
4.250895890524097e-01
4.807232038493842e-01
5.148870966000888e-01
7.074325576924870e-01
8.189971376298913e-01
8.848921455838216e-01
3.822908272884278e-01
1.619342366056211e-01
6.287146306730409e-01
8.067977217989032e-01
8.493102741657338e-01
3.577779034887338e-01
1.732239351483173e-01
3.746780377694769e-01
2.137807915982701e-01
1.376439212531056e-02
3.381384500945632e-01
9.293073932311066e-02
8.869358035209289e-01
7.300497762533137e-01
9.465894894425708e-01
3.295490612879158e-01
7.310730660013264e-01
1.450202842918319e-01
3.559180928188926e-01
9.153860071279974e-01
8.926218002534573e-01
2.945968598567866e-01
2.894236130124999e-01
3.426639010862745e-01
1.521855570153266e-01
7.826567565941516e-01
1.121080779061225e-01
2.004653682003102e-01
2.214433426137284e-01
7.982593089334011e-01
3.442052436732712e-01
5.753041666817405e-02
9.137129420012762e-01
7.734162154483685e-01
8.063330407283889e-01
3.941552203121387e-02
4.566787786114396e-01
4.002321224660762e-01
7.012822873430710e-01
4.514033749938958e-01
7.365235224070603e-01
7.508410954619018e-01
3.862914281833411e-01
4.000334774144150e-01
3.626549040724779e-01
1.409727461361199e-01
3.289443097677754e-01
5.670142670008420e-01
8.087854831520400e-01
2.576153363369477e-01
7.409578150794645e-01
2.779980405597007e-01
3.130676868898178e-01
7.286135571676370e-01
8.080553164743145e-01
9.857039838031418e-01
7.268557794051504e-01
2.650844623637779e-01
2.745589480151231e-01
5.122392901742082e-01
2.057499579180730e-01
3.954272905343340e-02
5.946472010550309e-01
2.355081319042985e-01
1.851729155449071e-01
2.011915632529145e-01
4.266035917338932e-01
9.265662715428352e-01
7.993258204307992e-01
2.690639804438986e-01
1.583193206034225e-01
8.728213817220281e-01
5.089626021259290e-01
1.344539304889990e-01
7.672097286056773e-01
4.939086756174959e-01
1.231111032530251e-01
1.283123735935950e-01
5.460629875520537e-01
6.806317873674593e-01
3.784502848882462e-01
6.139381167543764e-01
4.579282908038834e-01
4.007835408676339e-01
9.689713623230212e-01
5.016865630176321e-01
8.460646373434293e-01
8.083598310166783e-01
1.036798973119258e-01
5.480341215375970e-01
8.094806823923628e-01
9.418289684419655e-01
3.194726041143167e-01
3.760573493205278e-01
3.958700301106414e-01
3.875960695499536e-01
3.271409260701113e-01
2.575444603606800e-01
5.497452819485894e-01
5.689537099418015e-01
4.050029918574742e-01
8.852841485688855e-01
9.706849972580955e-01
3.027489168116585e-01
3.010448535443492e-01
6.608535198778164e-01
9.651085864590055e-01
5.800126165058522e-01
2.720456138588701e-01
2.706321260289439e-01
5.141421684595487e-01
1.874252996348894e-01
5.701096358569849e-02
1.832649848345970e-01
1.346001150713303e-01
2.241340038478999e-01
2.020267165275415e-02
5.463024678390019e-01
7.055769701048624e-01
6.321365524233024e-01
3.190365784424528e-01
4.777388230328163e-02
9.356398712543956e-01
2.993161726274137e-01
6.069133489424891e-01
3.926556764136328e-01
3.639534839261107e-01
9.662043461418731e-01
9.964456064610023e-01
2.613077900657932e-01
8.000276357866952e-01
6.447466698683550e-02
6.257280477442444e-01
6.112984375149469e-01
9.283931371422452e-02
3.503455949716017e-01
2.584146877091447e-01
1.756563275939116e-01
2.558978708721222e-01
8.755157477574030e-01
7.931725586732722e-01
8.511936216853530e-01
1.119966572672113e-02
2.327818690020507e-01
3.648723174654284e-01
4.090396414553000e-01
7.292539392268537e-01
5.709565857290088e-01
6.733634745112450e-02
7.219916110495066e-01
5.130069090579669e-01
1.071205372489619e-01
3.748695433022778e-01
4.324142813833497e-01
5.868272099582605e-01
8.049177684844089e-01
2.529349174596998e-01
7.715774517374008e-02
7.902231350495588e-01
2.802307779343011e-01
8.386847417981759e-01
7.744554019414146e-01
2.719404293559214e-01
5.027961849713680e-01
4.954808137824204e-01
5.460372411394665e-01
2.479118310138173e-01
6.541438492267131e-01
1.956739533672454e-01
6.921342432927965e-01
7.002270220314278e-01
7.155592822076563e-01
4.048560640797280e-01
4.158689879886196e-01
5.100811247295146e-01
9.334633289526512e-01
7.181697072080195e-01
2.782690451844917e-01
8.678424157518160e-01
8.274815407709598e-01
4.822557375218047e-01
2.721805289723820e-01
5.381504388238073e-01
6.944253117285787e-01
2.062142222217350e-01
8.424328807007675e-01
7.694259377985382e-01
7.417365800318013e-01
3.667005944842010e-01
1.368914959658363e-01
7.353726978112817e-01
4.089321142104138e-01
9.220435344251076e-01
7.856830827825159e-01
9.755723257435357e-01
4.440787716042617e-01
6.319143528267342e-01
5.845279589223340e-01
1.614056076674748e-01
7.440480672493801e-01
2.158662603310618e-01
6.423738415550319e-02
6.377155015420707e-01
8.443441758138799e-02
8.925629038794725e-02
1.304725502293895e-01
8.521517053489348e-01
1.137117995478733e-01
1.542150011072936e-01
8.915236102843301e-01
8.373180487366942e-01
8.044451176209585e-01
3.090918554501104e-01
9.068145500062101e-01
8.321419543736344e-01
8.098271576733455e-01
7.650390159175913e-01
1.074052695685091e-02
5.160365637932143e-01
2.652767255274936e-02
8.505925940585288e-01
9.097283416938634e-01
8.042388487626979e-01
8.423311546642013e-01
5.971644123071639e-02
6.542277646503540e-01
6.060404785005564e-01
7.223221588518108e-01
6.852382238419905e-02
6.798828112333467e-01
7.904083988584617e-01
3.939596141660398e-01
2.792352886308149e-01
1.074960181058832e-01
6.855763055782654e-01
4.809678539079464e-01
6.267206308556351e-01
2.936427906591644e-01
2.543826085768559e-01
4.085023512172058e-01
6.990169075778764e-01
3.771656613690619e-01
2.327062982286822e-02
1.094754329461024e-01
9.536015251435347e-01
1.808330873869514e-01
2.616997124914544e-01
3.870678438744823e-01
4.492519984251130e-01
5.783375308748043e-01
1.188814128371335e-01
3.990555370222104e-02
6.926410732290899e-01
2.185177613135976e-01
6.280143976342000e-01
3.798103799949448e-02
3.473056575038031e-01
1.661856664187208e-01
8.249549944069959e-02
5.018590998378858e-01
7.458909753458067e-01
1.896226369727508e-01
9.876596010232622e-01
5.949143979674738e-01
7.262866393319735e-01
6.995472524778672e-01
2.906723955137061e-01
3.309513988583123e-01
3.001606116537753e-01
7.994000650008209e-01
5.168924687974585e-01
4.117230788859181e-01
8.297868356247371e-01
2.273463449568238e-01
1.001968933735960e-02
4.009186930027412e-01
2.404732970709322e-01
6.347038711582794e-01
4.679625572021876e-01
4.669889716743440e-02
8.683646930700004e-01
6.053964274960554e-01
8.977569262021020e-01
6.006586787293938e-01
2.704134049221936e-01
8.380965273073393e-01
8.883344544509121e-01
2.371759564788900e-01
2.163005407044201e-01
3.631876191884222e-01
9.431569981124052e-02
1.639667275193924e-01
7.887894184276413e-01
1.837555133661979e-01
3.789131456887876e-01
3.932395914538017e-01
1.778135640443366e-01
5.125708931649899e-01
7.790014239861637e-01
6.769329354525232e-01
2.118461505565076e-01
4.982524032230733e-01
1.281409701929153e-01
6.652860323271184e-01
4.623453218780204e-01
6.378248038877848e-01
9.214789420000645e-01
2.965781950841556e-01
5.897247794036403e-01
5.043674369828623e-01
9.035133709681749e-01
3.492258621143298e-01
4.390645555402453e-01
3.579849649025058e-01
6.533051164137689e-01
9.909156621391492e-02
4.319533572681031e-01
8.400756050087863e-01
1.506933826723571e-01
7.036825743055356e-01
7.930263531361830e-01
3.939171598264562e-01
5.657052032489820e-01
8.073510056395787e-01
1.483517843989431e-01
3.484403930364365e-01
2.376857633877945e-01
7.846252586620978e-01
1.967223338767524e-01
3.122654665784284e-01
2.456967836458687e-01
4.258427361146746e-01
1.388658793358439e-01
9.188339975284571e-01
8.429964607781714e-01
2.415162987269071e-01
1.644327031282860e-01
6.204414771033644e-01
7.599056762456454e-01
7.347006605634003e-01
1.140020890692259e-01
3.311098647914407e-02
4.963497549744089e-01
1.503318548902552e-01
6.274851405189769e-01
1.427567024448685e-01
3.118979909047009e-01
6.953313530866669e-02
6.434051327609481e-01
7.100663132546778e-01
8.452687137039698e-02
6.431271222620863e-01
3.754385888462135e-02
9.996362738309597e-01
8.868542769396930e-01
3.598325254208560e-01
7.052547483263792e-01
2.165551214556001e-01
6.419263042704790e-01
8.553958739411998e-01
6.384533297449598e-01
4.851130235405234e-01
2.945866455764448e-01
1.177522033069991e-01
6.128098073475109e-02
9.494432089614883e-01
2.920130157340379e-01
8.627554419742690e-01
3.307132615385173e-01
2.977866778605556e-01
9.006948023572074e-01
9.775432175852093e-01
5.688579546142639e-01
7.956432019340075e-01
3.752949048649962e-01
5.814660659904899e-01
7.001711021643928e-01
7.757140769510130e-01
4.264913156751968e-01
3.954255303346671e-02
5.916888334749680e-01
5.142242137874590e-01
5.663611258223472e-01
8.314416961890839e-01
4.058784993392781e-02
1.599938395246835e-01
1.646089135504369e-02
6.582010042193350e-01
3.842779143640203e-01
5.589067160891866e-01
5.451773109590529e-01
7.950652888021736e-01
6.623088981315070e-01
4.256508962370693e-01
9.146130564224967e-01
9.016392929021452e-01
8.515958063544686e-01
7.707173995537299e-01
4.473342995379745e-01
3.475723347382491e-01
6.482299457528767e-01
8.006982686001334e-01
3.358003624415958e-01
7.966915559008213e-01
9.949800251028408e-01
6.292819034444550e-01
3.409511909545172e-01
3.666663725705195e-01
5.617237927213887e-01
8.917842683809736e-01
2.181986790235148e-01
2.651983482135452e-01
1.886384250543259e-01
4.460098880557389e-01
8.818855280437905e-02
1.850069831986944e-01
4.123666204569706e-01
6.457900203046343e-01
7.928712599877600e-01
7.872666142821623e-01
5.899862403003435e-01
8.987407278729327e-01
1.354133603793631e-01
8.923478959558289e-01
6.910873296163451e-01
1.047488619129867e-01
5.141221715668786e-01
8.513375245273753e-01
4.297747315977583e-01
2.239139635227220e-01
3.219849263885919e-01
6.006578130650603e-01
2.558641844689213e-01
3.093483691612949e-01
2.180404938841427e-01
6.065807107866652e-01
8.020061914818390e-01
3.180602352684644e-01
6.383741570815323e-01
1.544580693144622e-01
9.767709681656076e-01
5.896619593676469e-01
4.485510920400503e-01
7.982039171262663e-01
4.132351411568165e-01
2.430174226141616e-01
3.938218762138029e-01
9.642735253853134e-01
5.451411509630928e-01
1.873242366999966e-01
3.584462168432987e-01
4.055664853218787e-01
3.559188048150012e-01
9.273525257256592e-01
1.389987115464167e-02
6.151344960625910e-01
5.654753239664599e-01
9.437699042930128e-01
9.407814526654693e-01
7.138749485434382e-01
9.626016956579879e-02
8.446698923803260e-01
3.668812361391640e-01
1.729357909285164e-01
5.318381355758003e-01
6.035446224750693e-01
7.744699384898273e-01
5.162561985274107e-01
7.179286501919518e-01
2.268237761346734e-01
2.272054954558637e-01
6.427621267003762e-01
9.030634532231202e-01
7.874583209806394e-01
8.120007216054950e-01
2.961280235536993e-01
2.369186702356295e-02
1.892090650225100e-01
3.675583332625955e-02
7.552907144442623e-01
1.710376647166152e-01
6.300308921514223e-01
9.292043889543062e-01
1.381651550243446e-01
1.417604941603544e-01
5.686253530758552e-01
8.863091458968395e-01
1.978150881816703e-01
6.781870693332456e-01
2.900742838578644e-01
2.784887991279777e-01
5.612469439214314e-01
8.773864874976625e-01
2.346953732123111e-01
5.251375793130778e-01
9.872955148980467e-01
4.757188914696308e-01
4.074089300853242e-01
3.218879440435618e-01
9.706755401430072e-01
1.438031835219838e-01
THIS IS THE END
