AMATH 583 VECTOR
32
2.510276922262403e-01
2.242324642018566e-02
8.675025840604225e-01
1.159303035195592e-01
4.406112532320485e-01
3.533330710387477e-01
4.689249482326792e-01
2.216049466382735e-01
5.143381494629841e-01
4.812780243723085e-01
8.397556253894025e-01
7.727959196887891e-01
3.810222094790182e-01
8.402747138590900e-01
4.971158297253381e-01
2.575019375688871e-02
7.835064720285621e-01
3.932753840430059e-01
7.793796108008267e-01
3.311872949503303e-02
6.264866230201379e-01
3.606730994585310e-01
8.327825995314785e-01
5.771503255596153e-01
1.655216804545008e-01
9.228833987949805e-01
9.012835472362505e-01
8.725783996621977e-01
4.251631225576453e-01
7.166008263438013e-01
9.100883602677324e-01
8.550710197794582e-01
THIS IS THE END
